[[[230,92],[232,105],[234,125],[236,152],[231,174],[221,192],[209,204],[195,214],[181,219],[167,223],[153,226],[140,228],[127,230],[113,232],[101,233],[93,232],[89,228],[84,223],[81,215],[77,202],[75,188],[72,172],[72,155],[73,139],[76,127],[84,119],[93,114],[101,111],[111,109],[120,109],[132,112],[148,117],[170,125],[190,132],[208,140],[226,152],[238,164],[242,172],[245,181],[246,187],[246,193],[246,198],[247,204],[248,206],[248,208]]]
[[[227,127],[227,128],[227,129],[227,136],[227,156],[225,182],[218,211],[203,233],[184,245],[164,251],[143,253],[127,251],[117,247],[107,240],[97,228],[84,209],[72,185],[59,160],[50,138],[42,120],[41,106],[43,95],[50,90],[59,88],[72,90],[86,96],[101,106],[120,121],[143,142],[167,164],[190,184],[211,202],[229,218],[242,231],[249,240],[255,249],[259,255],[259,256]]]
[[[259,65],[259,66],[257,68],[250,79],[241,104],[231,138],[215,177],[196,209],[181,232],[167,243],[157,250],[148,257],[139,261],[131,262],[122,261],[110,257],[98,252],[85,246],[75,240],[63,232],[54,219],[46,202],[41,181],[40,154],[44,129],[52,109],[63,95],[73,83],[85,74],[98,69],[112,66],[130,66],[151,66],[171,67],[187,71],[200,78],[208,92],[221,118],[233,151],[241,179],[245,196],[247,203],[247,204],[247,205],[249,207]]]
[[[228,148],[228,149],[225,155],[221,165],[212,182],[197,202],[180,219],[159,231],[142,235],[131,234],[124,229],[118,223],[111,214],[102,200],[94,184],[89,167],[88,155],[92,151],[100,151],[114,158],[135,172],[161,194],[187,217],[213,232],[234,240],[248,242],[251,242]]]
[[[244,123],[243,125],[241,129],[236,142],[228,162],[214,185],[199,202],[178,219],[161,229],[144,234],[133,235],[125,234],[119,232],[114,226],[108,216],[100,203],[92,185],[84,164],[80,147],[80,133],[84,124],[91,119],[101,119],[114,121],[130,128],[147,140],[167,159],[187,181],[205,199],[219,210],[226,214],[229,214]]]
[[[251,87],[250,87],[247,93],[236,113],[221,147],[203,194],[180,242],[153,279],[131,299],[112,303],[100,299],[90,290],[80,275],[68,258],[56,235],[46,213],[36,181],[29,151],[27,125],[31,103],[37,87],[46,77],[55,72],[61,70],[67,73],[76,79],[89,91],[113,112],[142,138],[174,162],[203,182],[223,196],[234,206],[239,213],[242,219],[242,221],[243,223],[245,225],[249,230],[254,235],[255,237]]]
[[[261,79],[260,79],[259,82],[255,95],[245,113],[231,141],[217,171],[196,208],[172,236],[147,253],[127,260],[114,262],[108,262],[100,261],[95,260],[88,258],[80,257],[72,255],[65,253],[58,248],[51,241],[44,232],[38,219],[33,202],[25,181],[20,160],[16,142],[16,128],[16,115],[18,104],[23,91],[28,80],[36,70],[46,64],[59,59],[72,57],[88,56],[102,57],[118,61],[131,68],[145,80],[158,98],[170,113],[178,133],[185,149],[190,164],[193,178],[197,193],[202,208],[208,219],[216,230],[225,239],[233,245],[239,249],[241,251],[242,251]]]
[[[247,80],[244,87],[242,100],[235,125],[226,147],[211,176],[192,206],[171,231],[148,249],[128,259],[114,263],[105,264],[98,265],[93,263],[84,259],[75,253],[62,245],[48,235],[37,223],[27,208],[22,193],[20,177],[20,163],[23,147],[29,134],[37,122],[48,112],[59,104],[72,95],[84,88],[97,81],[107,77],[118,74],[127,74],[138,74],[147,75],[153,78],[161,82],[169,91],[181,104],[199,125],[213,141],[224,155],[230,167],[237,180],[243,194],[249,208],[252,220],[255,230],[258,238],[261,244],[262,245],[262,246],[262,245]]]
[[[229,101],[232,121],[232,138],[226,155],[217,174],[204,191],[188,205],[171,217],[154,227],[138,232],[123,236],[111,236],[99,235],[88,232],[79,225],[72,216],[66,204],[61,186],[55,167],[50,146],[50,131],[50,118],[54,108],[58,100],[64,95],[72,93],[84,93],[99,96],[119,100],[138,104],[157,106],[173,110],[188,117],[200,125],[205,134],[209,144],[212,156],[217,168],[219,180],[220,189],[221,195],[221,198],[221,198],[221,199],[225,204],[230,209],[231,212],[232,213]]]
[[[245,81],[243,82],[239,85],[230,98],[219,122],[208,153],[195,189],[178,215],[161,234],[148,245],[139,249],[134,251],[129,252],[123,252],[116,250],[106,246],[95,240],[83,233],[73,226],[64,215],[58,202],[52,188],[49,172],[49,156],[52,140],[58,126],[66,115],[76,105],[86,97],[94,91],[102,86],[110,82],[119,79],[131,78],[143,78],[153,79],[165,83],[174,90],[182,97],[192,109],[203,125],[209,140],[215,155],[221,169],[225,182],[230,193],[234,202],[236,211],[239,219],[241,223],[244,228],[248,234],[251,240],[254,243]]]
[[[249,73],[248,73],[248,74],[244,79],[238,95],[229,121],[217,153],[201,182],[183,206],[163,226],[144,240],[129,249],[118,253],[108,255],[104,256],[101,253],[95,249],[88,240],[77,230],[65,214],[54,194],[45,172],[40,152],[38,136],[42,122],[48,109],[55,100],[63,92],[72,87],[81,85],[95,83],[113,82],[127,82],[147,84],[161,88],[172,93],[180,98],[184,105],[189,117],[194,132],[199,149],[204,162],[212,174],[218,182],[224,189],[230,196],[234,203],[242,211],[248,220],[255,229],[257,232],[258,232]]]
[[[239,78],[238,80],[233,92],[227,114],[221,142],[211,178],[198,213],[184,242],[168,261],[150,272],[137,278],[127,279],[120,278],[112,272],[101,259],[84,240],[65,217],[46,194],[28,172],[19,154],[15,138],[15,124],[20,112],[30,103],[42,97],[59,95],[75,94],[90,96],[101,102],[117,117],[136,139],[155,167],[172,189],[188,208],[201,219],[209,225],[214,228],[216,228],[217,229],[221,232],[227,234],[237,238],[247,243]]]
[[[250,91],[249,95],[245,106],[239,124],[230,146],[219,166],[206,187],[191,205],[175,217],[157,226],[141,230],[126,230],[113,228],[101,223],[92,216],[83,207],[76,197],[72,185],[71,171],[72,155],[76,141],[80,129],[83,118],[87,111],[93,109],[101,112],[118,122],[144,138],[181,155],[220,167],[247,172],[264,175],[270,178],[276,185],[281,196],[286,208],[289,216],[290,219],[291,220]]]
[[[229,98],[228,102],[225,110],[217,133],[212,142],[205,151],[199,158],[191,164],[183,169],[174,174],[165,177],[153,180],[144,181],[136,179],[129,174],[123,166],[115,156],[109,145],[103,133],[98,121],[95,109],[93,100],[93,93],[97,89],[101,87],[105,87],[112,90],[122,95],[136,104],[153,118],[170,132],[187,147],[201,161],[214,172],[220,178],[221,179]]]
