[[[155,154],[143,157],[145,159],[145,162],[145,171],[145,179],[146,184],[147,188],[149,189],[153,189],[156,187],[159,182],[161,178],[162,174],[162,169],[162,164],[161,160],[159,158],[157,158],[155,158],[153,161],[152,165],[152,169],[152,173],[152,176],[154,177],[156,177],[158,176],[160,171],[160,165],[160,159],[160,155],[157,154],[155,154],[153,155],[151,160],[150,166],[150,173],[150,179],[150,183],[150,185],[152,185],[153,185],[154,181],[154,178],[154,173],[154,168],[151,165],[148,164],[147,164],[147,165],[147,168],[147,174],[147,179],[150,181],[153,182],[156,182],[159,179],[161,172],[162,165],[162,161],[162,160],[162,162],[162,166],[161,172],[160,177],[160,182],[160,184],[161,185],[163,185],[165,182],[167,176],[167,171],[167,167],[166,165],[162,165],[159,165],[156,167],[155,172],[154,177],[154,182],[154,186],[155,188],[156,189],[157,189],[158,186],[159,181],[159,176],[159,173],[157,173],[154,173],[151,173],[150,174]]]
[[[129,154],[125,155],[118,161],[118,163],[118,167],[120,173],[126,178],[132,180],[138,180],[142,177],[143,172],[143,167],[143,163],[140,158],[136,154],[132,152],[128,152],[126,153],[124,159],[124,165],[124,171],[126,174],[130,176],[134,175],[138,174],[139,169],[140,163],[140,158],[139,156],[136,156],[133,159],[129,167],[128,175],[128,182],[128,186],[132,187],[135,186],[137,182],[138,174],[138,163],[138,159]]]
[[[149,135],[140,143],[139,145],[137,155],[136,167],[136,177],[138,181],[144,182],[150,180],[154,173],[156,167],[157,161],[157,155],[157,149],[154,145],[150,142],[146,142],[143,143],[142,146],[141,151],[141,156],[142,160],[146,163],[150,164],[153,164],[155,163],[155,158],[155,152],[155,146],[154,143],[151,142],[149,143],[149,147],[148,155],[148,162],[149,168],[151,170],[155,171],[158,169],[159,165],[159,159],[159,154],[159,151],[156,150],[154,151],[152,155],[151,162],[151,168],[151,172],[151,173],[154,172],[156,165],[157,156],[157,149],[157,145],[156,145]]]
[[[173,138],[169,137],[161,136],[158,137],[157,141],[156,147],[156,154],[157,161],[158,165],[160,166],[162,166],[162,165],[163,160],[163,155],[163,150],[163,144],[163,140],[162,137],[160,137],[160,138],[159,142],[159,146],[159,151],[160,153],[162,155],[166,154],[170,153],[172,150],[174,145],[174,142],[174,140],[171,140],[169,144],[168,150],[167,157],[167,162],[170,164],[174,164],[177,158],[178,150],[178,143],[177,140],[175,140]]]
[[[129,161],[128,161],[128,161],[128,161],[128,162],[128,163],[128,164],[128,165],[128,166],[128,167],[128,169],[129,172],[130,174],[131,175],[131,177],[132,177],[132,178],[133,178],[134,178],[135,178],[136,178],[136,177],[137,177],[137,176],[137,175],[138,175],[138,174],[138,173],[138,172],[138,171],[138,170],[137,169],[136,168],[135,167],[134,167],[133,166],[132,166],[131,166],[130,166],[129,166],[128,166],[127,167],[126,167],[126,168],[126,169],[126,170],[126,171],[126,172],[126,173],[126,174],[126,175],[127,175],[127,176],[128,177],[128,179]]]
[[[148,167],[147,167],[146,167],[145,167],[143,167],[142,168],[141,169],[138,170],[137,173],[137,174],[136,176],[136,178],[136,179],[136,181],[136,182],[138,184],[138,186],[139,188],[140,189],[141,189],[142,190],[143,190],[145,191],[146,191],[148,191],[151,190],[153,189],[157,187],[160,185],[163,182],[166,180],[168,177],[169,175],[170,173],[170,172],[171,170],[171,168],[171,166],[171,165],[170,162],[169,162],[167,161],[166,160],[162,160],[159,160],[157,160],[154,162],[151,163],[148,164],[144,166],[141,169]]]
[[[136,172],[136,171],[137,171]]]
[[[135,189],[137,189],[138,189],[139,189],[139,190],[140,192],[140,194],[140,197]]]
[[[140,189],[141,189],[142,189]]]
[[[135,172],[135,172],[137,175],[140,177],[145,181],[151,185],[153,188],[155,189]]]
[[[135,162],[135,162],[135,161],[137,161],[139,160],[140,160],[141,160],[143,160],[144,160],[145,159],[146,159]]]
[[[155,148],[155,149],[155,150],[154,153],[153,159],[152,164],[151,167]]]
