[[[118,146],[119,146],[121,146],[144,140],[147,140],[197,134],[222,132],[236,132],[238,132]],[[138,175],[138,175],[140,175],[141,175],[152,172],[159,171],[162,169],[166,168],[171,167],[175,166],[178,166],[180,165],[180,165],[181,165],[184,164],[188,163],[192,163],[195,162],[197,162],[198,162],[199,162],[201,162],[204,161],[207,161],[208,161],[208,161],[209,161],[212,161],[215,161],[218,161],[221,161],[225,161],[229,161],[230,161],[231,161]],[[208,92],[208,93],[207,101],[207,104],[200,132],[194,150],[187,168],[180,189],[176,206],[176,213],[176,216]]]
[[[85,130],[86,130],[95,129],[126,125],[179,119],[234,114],[274,108],[276,108]],[[93,162],[93,162],[94,162],[95,162],[103,162],[116,160],[135,155],[167,150],[203,143],[234,137],[250,134],[253,134]],[[224,59],[224,60],[221,68],[218,72],[197,114],[183,140],[172,161],[162,181],[157,195]]]
[[[201,92],[200,93],[196,104],[194,107],[176,150],[161,179],[143,208],[133,219]],[[64,142],[65,142],[80,140],[112,137],[154,134],[204,131],[247,128],[290,124],[315,122]],[[0,202],[1,202],[19,198],[23,198],[91,187],[156,178],[217,168],[270,160],[312,157]]]
[[[15,171],[16,171],[24,171],[27,171],[83,166],[138,162],[208,158],[289,153]],[[75,195],[76,195],[94,198],[99,198],[173,201],[249,198]],[[228,94],[227,94],[221,98],[220,100],[197,129],[182,160],[161,196],[128,243],[91,285]]]
[[[23,94],[24,94],[27,94],[30,95],[87,103],[146,106],[211,106],[265,106],[319,104]],[[23,137],[24,137],[38,137],[44,137],[119,136],[187,136],[258,135]],[[178,65],[178,66],[170,80],[169,83],[134,142],[110,188],[91,227],[72,270],[59,304]]]
[[[26,77],[27,77],[37,80],[41,81],[108,93],[165,99],[221,104],[277,105]],[[59,174],[60,174],[61,174],[62,174],[110,179],[166,182],[232,186],[290,190]],[[223,63],[223,63],[215,79],[211,85],[182,147],[163,195],[149,238],[136,270],[125,298]]]
[[[50,83],[51,83],[66,83],[69,83],[149,82],[204,80],[254,78],[296,77]],[[30,155],[30,155],[30,156],[32,157],[64,164],[100,167],[152,169],[212,170],[278,170]],[[203,22],[203,23],[202,24],[179,56],[152,91],[122,130],[93,170],[65,212],[43,254],[28,289],[19,318]]]
[[[84,122],[85,122],[89,124],[92,125],[135,130],[173,132],[224,132],[263,130],[280,129],[281,128]],[[91,179],[92,179],[93,179],[95,180],[142,185],[187,188],[236,188],[268,186],[278,184],[279,184]],[[239,70],[239,71],[236,77],[235,80],[201,136],[171,181],[146,226],[131,255],[121,276],[117,285],[117,288]]]
[[[109,108],[110,108],[115,108],[117,109],[138,112],[155,115],[176,115],[195,115],[206,115],[211,115],[211,114]],[[78,171],[79,171],[79,171],[90,170],[94,169],[143,161],[178,155],[202,152],[211,151],[211,150]],[[184,63],[183,63],[183,64],[183,66],[173,99],[159,129],[139,162],[120,192],[105,222],[96,245],[91,260],[89,268],[89,274],[89,275]]]
[[[92,129],[93,129],[94,129],[95,129],[103,127],[113,125],[126,125],[141,124],[150,124],[155,124],[158,124],[162,124],[167,124],[172,125]],[[74,171],[75,171],[75,171],[76,171],[89,171],[98,172],[110,172],[116,171],[120,171],[121,171]],[[149,111],[149,111],[149,112],[146,117],[137,130],[127,143],[117,154],[110,162],[105,169],[100,174],[96,180],[91,188],[86,195],[83,201],[82,203]]]
[[[85,134],[86,134],[86,134],[88,133],[118,132],[145,132],[174,132],[197,133],[209,135],[211,135]],[[86,167],[87,167],[89,167],[90,168],[120,172],[147,171],[177,169],[196,166],[203,164]],[[170,69],[170,70],[170,72],[169,73],[157,107],[141,138],[125,166],[112,195],[104,212],[101,223],[100,227]]]
[[[104,128],[106,128],[111,128],[114,128],[151,127],[174,127],[191,127],[203,128],[208,129],[209,129]],[[114,174],[114,174],[115,174],[117,174],[148,177],[172,178],[201,178],[229,178],[241,178]],[[207,68],[207,69],[207,71],[207,72],[203,101],[193,123],[176,151],[161,180],[145,212],[134,240],[130,257],[128,267],[128,269],[128,270]]]
[[[105,170],[105,171],[117,176],[120,177],[167,182],[198,182],[224,182],[239,181],[242,180]],[[91,240],[91,240],[92,237],[93,236],[98,221],[110,205],[128,184],[145,163],[159,142],[173,125],[183,113],[189,106],[192,102],[193,101]],[[114,136],[115,136],[118,136],[121,136],[161,136],[195,136],[225,136],[250,136],[259,136]]]
[[[86,112],[86,112],[93,112],[94,112],[139,120],[180,123],[226,123],[255,123],[262,122]],[[205,73],[204,73],[204,74],[204,75],[186,105],[167,135],[146,165],[128,194],[110,217],[101,230],[94,238],[90,243],[89,244]],[[79,165],[79,165],[80,165],[82,165],[126,159],[170,151],[218,145],[250,143],[258,143]]]
[[[135,207],[135,205],[136,191],[136,189],[144,153],[154,129],[169,102],[184,80],[196,64],[203,54],[206,49]],[[84,124],[85,124],[86,123],[86,123],[102,122],[122,122],[152,119],[186,117],[217,112],[240,110],[248,109]],[[78,147],[79,147],[81,147],[84,148],[132,150],[177,148],[215,146],[241,146],[246,146]]]
[[[66,132],[67,132],[68,132],[86,132],[111,132],[141,132],[173,132],[202,132],[230,131],[245,129],[247,129]],[[82,177],[83,177],[88,177],[89,178],[135,185],[169,190],[211,194],[248,195],[277,195],[288,193]],[[166,93],[166,94],[165,98],[163,100],[145,137],[126,170],[102,209],[79,242],[58,268],[44,284],[42,287]]]
[[[82,122],[83,122],[84,122],[86,122],[125,123],[166,125],[210,125],[241,125],[254,125],[255,125]],[[72,185],[73,185],[74,185],[75,185],[105,189],[130,190],[156,188],[190,183],[222,178],[245,174],[260,170],[274,166],[284,164],[291,162],[293,161]],[[180,90],[180,91],[180,92],[179,94],[167,127],[157,159],[141,192],[128,219],[119,240],[117,247]]]
[[[65,132],[67,132],[83,132],[106,130],[133,128],[167,125],[204,125],[231,125],[238,124]],[[96,168],[96,169],[100,170],[103,171],[156,177],[190,178],[225,175],[254,173],[270,172],[272,171]],[[172,82],[172,83],[172,84],[172,87],[172,125],[167,158],[159,192],[149,227],[138,261],[130,287],[128,296]]]
[[[79,122],[80,122],[85,123],[86,123],[128,127],[159,127],[193,127],[225,128],[242,129],[246,129],[246,129]],[[106,169],[107,169],[112,169],[114,169],[161,169],[199,169],[238,167],[276,167],[295,167],[297,167]],[[179,84],[179,86],[179,101],[179,104],[166,152],[153,188],[141,220],[128,249],[119,269]]]
[[[102,150],[103,150],[103,150],[110,150],[117,150],[129,153],[143,156],[162,157],[178,157],[186,157],[187,157]],[[105,198],[106,198],[107,198],[127,198],[144,198],[164,198],[187,196],[208,192],[214,191]],[[151,115],[151,116],[152,118],[152,119],[151,146],[145,172],[140,200],[135,222],[129,237],[125,250],[123,260],[123,263]]]
[[[82,145],[83,145],[89,145],[90,145],[115,146],[133,147],[156,149],[178,149],[197,149],[208,149],[209,148]],[[77,177],[78,177],[83,177],[86,177],[110,181],[124,181],[142,181],[159,181],[173,178],[186,176],[196,174],[201,174],[203,174]],[[160,99],[160,100],[157,108],[156,109],[141,153],[130,174],[119,191],[110,206],[104,216],[102,222],[102,227],[102,230]]]
[[[58,134],[58,134],[59,134],[61,134],[89,135],[108,134],[125,132],[135,132],[141,132],[148,132]],[[57,181],[58,181],[67,184],[69,184],[100,188],[121,188],[139,188],[152,186],[158,185]],[[117,95],[117,96],[117,99],[117,101],[111,132],[105,157],[101,177],[99,195],[96,211],[93,219],[90,222],[90,223]]]
[[[73,122],[74,122],[76,122],[78,122],[109,125],[140,124],[178,122],[215,121],[250,119],[275,116],[282,116]],[[87,177],[88,177],[91,177],[92,177],[104,179],[121,181],[144,183],[169,183],[194,181],[217,180],[242,180],[258,180],[264,180],[265,180]],[[139,223],[139,222],[139,220],[138,209],[140,199],[145,182],[151,160],[158,134],[162,113],[169,92],[174,78],[179,70],[181,66]]]
