[[[128,138],[128,141],[132,150],[137,164],[142,180],[146,191],[149,196],[152,198],[155,196],[157,190],[161,179],[164,168],[166,157],[168,151],[169,147],[170,143],[171,139]]]
[[[73,57],[73,56],[73,55],[76,63],[79,74],[82,88],[87,104],[95,130],[99,149],[105,169],[114,197],[120,218],[126,241],[131,256],[136,270],[141,283],[145,292],[149,300],[152,305],[153,306],[157,304],[160,297],[165,286],[169,275],[175,262],[184,240],[189,219],[196,192],[201,176],[207,142],[212,117],[216,99],[220,84],[225,73],[230,62],[233,58],[237,57]]]
[[[85,52],[85,54],[86,62],[88,70],[89,82],[93,95],[96,109],[100,123],[108,146],[113,165],[117,182],[122,203],[128,225],[131,242],[135,261],[137,272],[140,282],[141,289],[142,291],[143,293],[144,295],[145,298],[145,299],[147,298],[150,295],[153,292],[157,284],[160,275],[165,265],[169,253],[176,237],[181,222],[189,200],[196,183],[201,166],[206,146],[210,131],[214,118],[219,105],[222,97],[225,89],[226,82],[227,76],[228,72],[227,70],[227,69],[227,68],[227,67],[228,66]]]
[[[96,164],[103,185],[112,208],[121,237],[133,264],[143,285],[152,300],[160,308],[165,312],[170,313],[173,313],[177,311],[182,301],[193,277],[212,239],[231,200],[249,164],[266,137],[278,118],[286,107],[291,102],[293,101],[293,102],[293,107]]]
[[[33,100],[39,116],[50,138],[64,167],[77,197],[90,225],[101,248],[110,266],[117,280],[124,293],[130,303],[136,309],[140,312],[142,312],[143,310],[147,299],[161,273],[185,236],[209,201],[231,166],[249,137],[261,117],[269,105],[274,100],[276,99],[276,101],[276,108]]]
[[[54,89],[57,107],[64,132],[72,160],[81,189],[92,220],[103,249],[113,274],[121,293],[129,307],[136,315],[142,320],[147,322],[150,322],[152,321],[154,315],[157,303],[166,276],[180,238],[200,197],[222,157],[242,124],[257,102],[269,86],[277,75],[282,70],[284,69],[284,72],[283,79]]]
[[[83,83],[88,100],[92,119],[98,140],[105,163],[115,187],[124,212],[134,235],[143,258],[152,278],[160,295],[167,308],[173,314],[176,316],[178,316],[180,313],[183,303],[188,286],[198,256],[212,214],[230,165],[244,129],[254,104],[259,90],[263,81],[266,78],[267,77],[268,77],[268,78],[268,81],[268,86],[268,92]]]
[[[108,82],[111,93],[116,108],[122,128],[129,151],[135,177],[142,203],[147,228],[152,250],[157,269],[162,285],[167,301],[171,315],[174,324],[175,326],[175,325],[175,320],[175,313],[177,297],[186,269],[198,230],[212,190],[226,155],[237,126],[247,102],[256,85],[262,76],[263,73],[263,74],[263,76],[263,78],[263,85]]]
[[[102,119],[104,128],[107,133],[108,138],[112,146],[115,158],[119,167],[120,177],[122,183],[123,190],[125,195],[127,200],[129,205],[130,207],[130,209],[131,212],[131,215],[131,216],[132,217],[132,219],[133,220],[134,221],[136,220],[137,218],[139,213],[141,208],[143,202],[149,189],[158,174],[166,148],[167,140],[170,135],[171,131],[171,130],[172,128],[173,127],[173,124],[174,123],[175,121]]]
[[[77,121],[85,126],[90,132],[99,149],[105,167],[114,186],[119,198],[126,207],[129,213],[133,217],[134,219],[134,220],[135,221],[136,221],[138,224],[140,226],[142,224],[144,222],[145,219],[150,214],[156,209],[163,198],[173,187],[186,170],[194,159],[201,148],[205,144],[211,139],[214,134],[216,131],[217,129]]]
