[[[57,158],[58,158],[66,158],[84,157],[114,156],[129,156],[160,155],[191,155],[219,156],[236,156]],[[161,105],[161,106],[160,108],[159,127],[159,150],[158,174],[158,195],[161,223],[165,251],[169,272],[169,275]]]
[[[83,174],[84,174],[85,174],[99,176],[120,178],[141,178],[158,179],[173,181],[181,181],[186,181]],[[124,157],[124,157],[124,167],[124,186],[124,198],[120,228],[118,246],[115,265],[115,273]]]
[[[66,193],[67,193],[69,193],[77,192],[86,192],[110,187],[150,179],[183,173],[214,169],[240,167],[251,167],[252,167]],[[167,115],[167,116],[167,117],[168,132],[169,157],[169,179],[168,202],[167,222],[165,239],[165,254]]]
[[[77,157],[78,157],[95,157],[122,158],[148,158],[178,158],[206,160],[224,162],[238,164],[242,164]],[[176,111],[176,112],[176,114],[174,133],[172,156],[168,176],[164,198],[161,223],[161,240],[161,249],[161,252]]]
[[[157,109],[157,110],[157,111],[157,130],[157,159],[157,185],[157,210],[157,241],[161,265],[163,278]],[[133,184],[134,184],[140,184],[166,183],[188,181],[210,180],[251,179],[273,180],[278,180]]]
[[[144,117],[144,118],[145,133],[144,160],[140,185],[137,199],[137,214],[137,225],[137,226]],[[77,168],[78,168],[81,167],[89,167],[95,167],[104,167],[119,167],[136,167],[159,167],[180,167],[202,167],[220,167],[225,167]]]
[[[125,114],[125,115],[125,117],[127,130],[128,141],[128,157],[128,176],[127,187],[126,198],[124,210],[122,226],[121,235],[121,239],[121,240]],[[68,171],[69,171],[70,171],[86,172],[118,172],[158,172],[192,171],[216,171],[221,171]]]
[[[69,186],[71,185],[73,185],[77,183],[84,183],[91,184],[106,186],[125,188],[150,190],[184,192],[213,192],[227,192],[230,192]],[[147,150],[147,151],[147,153],[147,165],[147,184],[146,202],[142,225],[140,246],[137,265],[136,275],[136,279]]]
[[[71,166],[72,166],[79,166],[95,165],[126,164],[140,162],[167,159],[188,157],[203,157],[208,156]],[[125,91],[125,91],[124,105],[124,126],[122,157],[119,189],[117,211],[115,223],[115,228]]]
[[[61,158],[62,158],[63,158],[83,158],[115,157],[156,154],[202,151],[220,151]],[[130,111],[130,112],[129,127],[127,150],[122,185],[120,210],[119,244],[122,273],[123,289],[124,294]]]
[[[73,139],[73,139],[85,143],[112,148],[159,153],[190,155],[227,156],[234,156]],[[154,94],[154,95],[155,111],[159,136],[160,163],[158,188],[156,208],[156,229],[155,247],[155,250]]]
[[[51,178],[52,178],[59,178],[76,177],[110,176],[135,176],[165,177]],[[140,140],[140,141],[139,155],[140,186],[140,215],[141,233],[143,256],[143,266]]]
[[[9,177],[10,177],[11,177],[18,177],[30,177],[50,178],[72,180],[98,181],[129,182],[164,182],[200,179],[230,177],[248,176],[254,176],[255,176]],[[147,95],[147,96],[149,104],[151,133],[151,150],[147,182],[138,223],[133,249],[129,272],[128,283]]]
[[[27,188],[28,188],[31,189],[43,189],[63,192],[84,194],[114,196],[144,196],[171,195],[202,194],[234,195],[267,198],[293,203],[307,205],[311,205]],[[119,141],[119,142],[119,146],[122,169],[125,197],[127,229],[126,261],[124,275],[122,285],[122,286]]]
[[[68,130],[69,130],[70,129],[75,129],[80,129],[93,129],[103,130],[121,132],[151,137],[183,139],[213,142],[231,143],[234,143]],[[155,80],[155,81],[155,84],[155,104],[156,135],[156,174],[155,204],[154,230],[152,249],[152,261]]]
[[[47,160],[48,160],[53,160],[77,162],[111,163],[156,160],[213,152],[248,145]],[[105,123],[105,124],[105,128],[111,150],[117,173],[123,202],[126,237],[127,265],[127,295],[127,307]]]
[[[85,115],[86,115],[98,119],[115,124],[140,128],[157,130],[173,130],[180,131]],[[150,86],[150,87],[149,103],[146,131],[140,171],[136,198],[129,230],[127,257]]]
[[[30,132],[31,132],[40,133],[59,136],[96,140],[131,140],[167,139],[193,139],[214,139],[228,139],[235,140],[236,140]],[[139,74],[139,75],[140,85],[142,118],[144,142],[144,177],[144,223],[144,241],[144,254]]]
[[[57,135],[58,135],[64,135],[85,133],[111,132],[148,129],[201,129],[238,129],[255,129],[258,129],[258,129]],[[165,80],[165,81],[165,85],[167,110],[167,138],[165,181],[161,229],[158,268],[158,305]]]
[[[64,182],[65,182],[70,182],[76,182],[86,182],[102,182],[120,185],[141,187],[148,188]],[[90,161],[90,162],[90,163],[93,181],[95,202],[96,221],[97,237],[97,242]]]
[[[71,153],[71,153],[73,153],[86,155],[104,157],[126,158],[151,158],[181,157],[207,153],[226,150],[228,149]],[[142,105],[142,106],[142,109],[144,126],[145,147],[144,171],[143,191],[141,209],[141,223],[141,230]]]
[[[81,150],[82,150],[83,150],[89,150],[99,150],[120,150],[145,151],[178,151],[208,153],[236,154],[256,156],[267,157],[268,157]],[[168,89],[168,90],[169,104],[170,123],[170,148],[170,165],[170,186],[170,205],[170,221],[170,232],[168,244],[168,252],[167,260],[167,262]]]
[[[139,91],[140,91],[143,94],[146,101],[148,111],[149,118],[150,132],[150,148],[149,163],[148,175],[147,188],[144,202],[143,216],[143,225],[142,228],[142,229]],[[83,169],[84,169],[91,167],[106,164],[116,162],[131,160],[151,158],[161,158],[168,158],[173,158],[176,158],[179,158],[184,160],[190,160],[198,162],[206,164],[209,164],[210,164],[211,164],[214,164],[215,164]]]
[[[102,177],[102,177],[104,177],[123,176],[167,178],[192,182],[197,182]],[[155,136],[155,136],[152,145],[150,156],[147,169],[146,188],[146,197],[145,207],[145,219],[144,227],[143,232],[143,235],[143,236],[143,236],[143,237]]]
[[[168,98],[168,99],[168,102],[169,110],[169,123],[169,139],[170,160],[171,194],[171,222],[171,234],[169,238],[167,238],[165,234],[164,230]],[[103,164],[104,165],[107,166],[122,167],[138,170],[159,173],[189,178],[207,178],[219,176],[226,175],[227,174]]]
[[[157,113],[157,114],[157,121],[157,135],[158,151],[158,172],[157,185],[157,193],[155,195],[153,192],[153,190]],[[113,155],[114,157],[120,158],[129,157],[143,157],[164,156],[182,157],[201,158],[208,158],[212,157]]]
[[[161,116],[161,125],[162,138],[163,152],[163,170],[163,186],[162,194],[161,196],[159,195],[157,194]],[[109,157],[111,157],[117,158],[127,158],[146,159],[169,160],[187,162],[203,164],[209,165],[210,165]]]
