[[[108,163],[108,163],[108,163],[109,163],[121,163],[139,163],[162,163],[190,163],[212,163],[236,163],[246,163],[253,163],[255,163]],[[209,123],[209,123],[209,123],[209,124],[209,134],[209,143],[209,150],[209,173],[209,187],[209,193],[209,203],[209,208],[209,214],[209,217],[209,219],[209,220],[209,220],[208,219],[207,217]],[[83,258],[83,258],[86,258],[103,258],[114,258],[156,258],[166,258],[201,258],[239,258],[252,258],[262,258],[271,258],[277,258],[280,258],[282,258],[285,258],[286,258],[286,257],[286,257],[286,256]]]
[[[82,108],[82,108],[84,108],[89,108],[105,108],[122,108],[159,108],[173,108],[190,108],[199,108],[207,108],[211,108],[214,108],[217,108],[222,108],[223,108],[225,108]],[[151,45],[151,45],[151,45],[151,51],[151,57],[151,102],[151,110],[151,141],[151,152],[151,160],[151,163],[151,163],[151,164],[151,164],[150,164]],[[71,212],[71,212],[73,212],[85,212],[116,212],[151,212],[192,212],[223,212],[251,212],[261,212],[265,212],[269,212]]]
[[[65,123],[65,123],[72,123],[83,123],[96,123],[113,123],[138,123],[154,123],[170,123],[178,123],[185,123],[188,123],[191,123],[192,123],[192,123]],[[132,72],[132,72],[132,76],[132,86],[132,113],[132,124],[132,155],[132,174],[132,186],[132,192],[132,198],[132,202],[132,204],[132,204],[131,204],[130,202]],[[39,219],[40,219],[46,219],[59,219],[84,219],[114,219],[144,219],[159,219],[179,219],[198,219],[208,219],[217,219],[223,219],[226,219],[228,219],[229,219],[230,219],[230,219],[230,219],[230,218],[230,218]]]
[[[92,117],[92,117],[93,117],[99,117],[107,117],[124,117],[141,117],[160,117],[171,117],[176,117],[184,117],[185,117]],[[146,66],[146,66],[146,67],[146,68],[146,74],[146,84],[146,93],[146,99],[146,118],[146,130],[146,141],[146,152],[146,161],[146,170],[146,173],[146,178],[146,179],[146,179],[144,178]],[[56,211],[57,211],[59,211],[73,211],[100,211],[142,211],[164,211],[186,211],[200,211],[206,211],[210,211],[211,211],[211,211],[213,211],[213,211],[217,211],[221,212],[227,213],[230,213],[235,214],[240,214],[241,215],[241,215],[241,215],[241,215]]]
[[[76,129],[77,129],[88,129],[103,129],[131,129],[155,129],[175,129],[189,129],[198,129],[204,129],[207,129],[210,129],[211,129],[212,129],[213,129],[214,129],[214,128],[214,128]],[[142,50],[142,51],[142,51],[142,54],[142,62],[142,75],[142,92],[142,109],[142,123],[142,134],[142,141],[142,149],[142,153],[142,156],[142,157],[142,158],[142,159],[142,159],[142,159],[142,159],[142,161],[142,165],[142,172],[142,179],[142,185],[142,189],[142,190],[142,191],[142,191],[142,192],[142,192],[142,192],[142,192],[141,192],[139,188]],[[50,229],[50,229],[50,229],[50,229],[59,229],[70,229],[99,229],[136,229],[158,229],[168,229],[193,229],[199,229],[208,229],[214,229],[218,229],[221,229],[223,229],[225,229],[225,229],[227,229],[227,229],[227,229],[228,229],[230,230],[233,230],[237,231],[239,231],[244,233],[249,234],[254,235],[258,236],[260,236],[260,236]]]
[[[100,129],[100,130],[101,130],[104,130],[119,130],[126,130],[166,130],[177,130],[209,130],[221,130],[231,130],[239,130],[243,131],[245,131],[245,131]],[[181,59],[181,59],[181,61],[181,70],[181,87],[181,111],[181,127],[181,149],[181,152],[181,162],[181,167],[181,169],[181,171],[181,173],[181,174],[181,175],[181,174],[180,173]],[[84,230],[84,230],[85,230],[87,230],[94,230],[133,230],[177,230],[205,230],[231,230],[251,230],[256,230],[265,230],[266,230],[266,231]]]
[[[97,147],[97,147],[98,147],[101,147],[115,147],[133,147],[162,147],[179,147],[190,147],[198,147],[201,147],[202,147]],[[170,85],[170,86],[170,87],[170,90],[170,101],[170,116],[170,138],[170,151],[170,157],[170,168],[170,170],[170,171]],[[70,232],[70,231],[71,231],[79,231],[103,231],[135,231],[174,231],[201,231],[227,231],[241,231],[252,231],[254,231],[256,231],[256,231],[256,231],[255,231]]]
[[[93,122],[93,122],[93,122],[95,122],[107,122],[158,122],[177,122],[236,122],[263,122],[277,122],[282,122],[283,122]],[[193,59],[193,59],[193,60],[193,66],[193,82],[193,113],[193,143],[193,169],[193,201],[193,212],[193,220],[193,225],[193,234],[193,241],[193,245],[193,247],[193,248],[193,247],[193,246]],[[63,256],[63,256],[64,256],[74,256],[82,256],[126,256],[158,256],[194,256],[213,256],[219,256],[237,256],[244,256],[251,256],[253,256],[261,256],[264,256],[266,256],[266,256],[267,256],[267,255],[266,255]]]
[[[80,136],[81,136],[83,136],[95,136],[121,136],[157,136],[170,136],[201,136],[212,136],[219,136],[221,136],[221,136],[221,136]],[[163,88],[163,89],[163,89],[163,90],[163,94],[163,114],[163,130],[163,138],[163,158],[163,179],[163,183],[163,193],[163,194],[163,196],[163,196],[163,197],[162,197],[162,196],[161,196],[161,196],[161,196],[161,196],[160,196],[160,196]],[[66,225],[67,225],[69,225],[83,225],[109,225],[142,225],[178,225],[200,225],[213,225],[222,225],[227,225],[227,225],[228,225],[228,225],[228,225],[229,225],[229,225],[229,225],[229,225]]]
[[[84,153],[84,153],[84,154],[85,154],[92,154],[108,154],[132,154],[157,154],[182,154],[205,154],[214,154],[218,154]],[[161,89],[161,89],[161,90],[161,91],[161,95],[161,104],[161,115],[161,128],[161,144],[161,156],[161,161],[161,166],[161,168],[161,169],[161,170],[161,171],[161,174],[161,175],[160,175]],[[66,248],[67,248],[75,248],[100,248],[164,248],[177,248],[240,248],[252,248],[269,248],[285,248],[287,248],[289,248],[290,248],[290,248],[290,248],[291,248],[291,248]]]
[[[92,152],[92,152],[93,152],[95,152],[108,152],[130,152],[163,152],[196,152],[224,152],[241,152],[254,152],[256,152],[259,152],[256,152],[254,150],[253,149],[250,148],[248,147],[244,145],[240,143],[236,141],[231,135],[228,132]],[[191,102],[191,102],[191,102],[191,103],[191,109],[191,121],[191,137],[191,157],[191,177],[191,189],[191,199],[191,204],[191,205],[191,207],[191,207],[191,207],[191,208],[191,212],[191,217],[191,221],[191,223],[191,223],[190,223],[188,220]],[[87,248],[87,248],[87,249],[90,249],[98,249],[117,249],[140,249],[165,249],[183,249],[204,249],[220,249],[236,249],[246,249],[250,249],[264,249],[270,249],[276,249],[279,249],[280,249],[280,249]]]
[[[98,120],[98,120],[101,120],[105,120],[118,120],[142,120],[159,120],[175,120],[186,120],[193,120],[194,120]],[[155,66],[155,66],[155,66],[155,75],[155,91],[155,110],[155,133],[155,153],[155,162],[155,170],[155,174],[155,177],[155,178]],[[41,226],[42,226],[43,226],[44,226],[47,226],[56,226],[63,226],[95,226],[111,226],[146,226],[171,226],[192,226],[199,226],[205,226],[210,226],[212,226],[213,226],[214,226],[215,226],[216,226],[217,226],[217,226]]]
[[[97,151],[97,151],[99,151],[113,151],[132,151],[159,151],[188,151],[212,151],[224,151],[233,151],[234,151]],[[188,113],[188,113],[188,119],[188,137],[188,166],[188,185],[188,217],[188,222],[188,231],[188,238],[188,239]],[[79,269],[80,269],[82,269],[105,269],[117,269],[149,269],[160,269],[178,269],[192,269],[198,269],[202,269],[205,269],[207,269],[209,269],[211,269],[214,269],[218,269],[220,269],[223,269],[225,269],[226,269],[228,269],[232,269],[237,269],[241,269],[247,270],[251,271],[256,271],[260,272],[261,272],[261,272],[261,272],[261,272]]]
[[[69,127],[69,127],[69,127],[70,127],[81,127],[99,127],[124,127],[150,127],[166,127],[174,127],[179,127],[180,127],[180,127],[180,127],[180,127],[181,127]],[[140,66],[140,66],[140,67],[140,68],[140,77],[140,84],[140,93],[140,101],[140,110],[140,116],[140,121],[140,126],[140,129],[140,133],[140,138],[140,141],[140,143],[140,144],[140,144],[140,144],[140,144],[140,145],[140,145],[140,149],[140,158],[140,167],[140,174],[140,181],[140,182],[139,184],[139,184],[139,184],[138,182]],[[63,206],[63,206],[64,206],[67,206],[71,206],[85,206],[107,206],[144,206],[174,206],[196,206],[217,206],[229,206],[237,206],[240,206],[241,206],[242,206],[243,206],[243,206]]]
[[[84,138],[84,138],[86,138],[97,138],[106,138],[126,138],[145,138],[167,138],[187,138],[197,138],[205,138],[209,138],[212,138],[213,138],[214,138],[215,138],[216,138],[218,138],[221,138],[222,138],[222,138]],[[167,82],[167,82],[167,84],[167,93],[167,113],[167,133],[167,155],[167,173],[167,185],[167,191],[167,196],[167,199],[167,201],[167,203],[167,204],[167,204],[167,204],[167,203],[165,199]],[[91,219],[91,219],[93,219],[112,219],[117,219],[129,219],[146,219],[163,219],[171,219],[180,219],[185,219],[188,219],[193,219],[196,219],[199,219],[201,219],[201,219],[202,219],[202,218],[202,218],[202,218],[202,218],[202,218],[202,218]]]
[[[83,192],[83,192],[84,192],[84,192],[86,192],[92,192],[106,192],[116,192],[129,192],[144,192],[159,192],[172,192],[181,192],[187,192],[190,192],[191,191],[191,191]],[[155,136],[155,136],[155,136],[155,142],[155,158],[155,164],[155,178],[155,188],[155,198],[155,204],[155,212],[155,218],[155,223],[155,227],[155,228],[155,228],[155,228]],[[98,239],[99,239],[99,239],[100,239],[105,239],[114,239],[122,239],[132,239],[142,239],[152,239],[160,239],[167,239],[173,239],[178,239],[183,239],[184,239],[188,239],[188,239],[189,239],[190,239],[190,239],[190,239],[191,239],[192,238],[192,238],[193,238],[194,238],[194,237],[194,237],[193,236]]]
[[[73,150],[73,150],[80,150],[93,150],[116,150],[144,150],[179,150],[193,150],[216,150],[233,150],[242,150],[254,150],[260,150],[269,150],[274,150],[276,150],[277,150]],[[179,104],[179,104],[179,105],[179,113],[179,134],[179,151],[179,171],[179,182],[179,192],[179,199],[179,204],[179,206],[179,209],[179,209],[179,210],[179,211],[179,211],[179,211],[179,213],[179,215],[179,221],[179,224],[179,228],[179,230],[179,231],[179,233],[179,234],[179,236],[179,237],[179,237],[179,238],[179,238],[179,238],[179,238]],[[123,241],[123,241],[126,241],[139,241],[159,241],[174,241],[189,241],[198,241],[206,241],[210,241],[212,241],[213,241],[213,241],[213,241],[214,241],[214,241]]]
[[[88,161],[88,161],[88,161],[89,161],[100,161],[111,161],[129,161],[150,161],[169,161],[186,161],[197,161],[201,161],[207,161],[210,161],[211,161],[212,161],[213,161],[214,160],[215,160],[216,160],[217,159]],[[156,112],[156,111],[156,112],[156,119],[156,133],[156,148],[156,169],[156,183],[156,191],[156,197],[156,201],[156,204],[156,206],[156,207],[156,211],[156,213],[156,214],[156,213],[156,213]],[[111,214],[111,214],[111,215],[112,215],[114,215],[122,215],[135,215],[149,215],[167,215],[171,215],[179,215],[185,215],[190,215],[194,215],[198,215],[202,215],[206,215],[208,215],[210,215],[210,215],[210,215]]]
[[[166,137],[166,141],[166,147],[166,161],[168,179],[168,192],[168,203],[168,218],[168,225],[167,229],[167,231],[166,234],[166,236],[166,237],[166,239],[166,239],[166,240]],[[108,180],[111,181],[116,182],[130,183],[153,184],[164,184],[177,183],[192,182],[199,182],[204,183],[209,184],[211,184],[213,184],[215,184],[215,184]],[[102,239],[107,239],[123,238],[136,238],[146,239],[167,239],[179,240],[190,241],[194,241],[197,241],[199,241],[201,241],[204,241],[208,241],[218,240],[224,239],[230,238],[232,237],[234,237],[235,237],[235,237]]]
