[[[213,90],[205,91],[202,91],[198,91],[194,91],[187,91],[176,91],[162,91],[150,92],[139,93],[130,95],[122,96],[115,96],[108,98],[102,99],[100,101],[99,103],[99,105],[99,106],[99,109],[101,113],[102,121],[104,133],[106,146],[108,157],[109,166],[111,175],[112,184],[113,193],[114,203],[114,212],[114,217],[114,218],[114,215],[115,212],[117,210],[121,208],[128,206],[137,204],[150,201],[163,197],[178,193],[193,190],[206,187],[217,184],[225,182],[229,182],[230,182]]]
[[[254,64],[247,67],[243,67],[236,67],[229,67],[221,67],[214,67],[205,69],[196,70],[186,72],[175,73],[165,74],[156,75],[145,76],[135,76],[124,77],[114,78],[105,79],[98,80],[94,80],[92,81],[92,82],[92,83],[93,83],[94,83],[94,84],[95,84],[96,85],[97,86],[97,87],[97,89],[98,91],[98,96],[100,105],[102,116],[105,125],[107,134],[109,140],[110,147],[111,152],[112,157],[113,162],[113,166],[114,170],[114,172],[114,174],[114,177],[114,180],[114,183],[115,187],[115,190],[115,192],[115,193],[115,192],[116,192],[116,191],[117,191],[117,190],[118,190],[118,189],[119,188],[120,187],[122,186],[124,184],[127,183],[129,182],[132,181],[136,180],[140,178],[145,176],[150,174],[156,172],[161,170],[167,169],[172,167],[179,166],[186,164],[193,163],[201,161],[209,159],[217,158],[225,156],[233,155],[242,154],[249,153],[257,152],[263,151],[267,151],[270,151],[271,151],[272,151],[273,151],[274,151],[275,151]]]
[[[82,85],[83,96],[83,105],[83,115],[84,126],[85,140],[88,155],[91,171],[92,187],[93,203],[93,216],[93,226],[93,231],[94,230],[99,229],[107,229],[120,229],[139,229],[159,230],[179,233],[198,235],[218,236],[236,236],[253,236],[267,236],[278,236],[287,236],[294,237],[296,239],[296,240],[293,240],[287,239]],[[89,96],[101,98],[112,98],[125,98],[140,98],[157,98],[174,98],[190,99],[204,99],[215,100],[223,100],[228,100],[230,100],[232,101],[234,101],[239,102],[245,104],[250,105]]]
[[[78,85],[79,93],[79,103],[80,115],[81,130],[82,146],[83,166],[84,184],[85,201],[85,213],[85,222],[86,228],[86,231],[87,233],[87,234],[88,235],[88,234],[88,232]],[[89,92],[98,94],[107,94],[120,94],[139,94],[161,94],[184,94],[204,97],[221,100],[235,102],[248,105],[260,107],[267,109],[271,110],[271,111],[271,112],[269,112],[265,113]],[[97,215],[109,219],[122,220],[143,224],[166,229],[191,231],[212,233],[230,233],[242,233],[253,233],[260,234],[265,234],[268,234],[270,234]]]
[[[80,127],[85,127],[93,127],[104,127],[116,127],[131,128],[148,130],[166,131],[183,132],[199,133],[213,134],[225,135],[233,135],[238,136],[241,136],[243,137],[244,137],[243,137],[236,137]],[[90,126],[89,135],[89,144],[89,158],[89,173],[89,188],[89,201],[88,210],[88,217],[88,222],[88,223],[89,223],[94,223],[100,223],[109,222],[120,222],[134,222],[150,222],[168,222],[185,222],[201,223],[216,225],[227,227],[233,228],[236,229],[236,230],[235,230],[234,230],[232,230]]]
[[[215,110],[214,109],[213,108],[210,107],[206,108],[203,109],[197,109],[191,110],[185,110],[177,110],[168,109],[159,108],[149,107],[135,106],[125,106],[116,106],[109,107],[105,107],[101,108],[100,109],[100,110],[100,112],[100,115],[99,118],[98,125],[98,131],[98,138],[98,145],[99,158],[98,166],[98,173],[98,181],[98,186],[98,194],[99,198],[99,202],[99,205],[99,207],[99,210],[99,212],[100,214],[101,216],[103,217],[107,218],[112,219],[119,220],[128,221],[137,222],[151,223],[163,224],[174,225],[186,224],[194,222],[203,222],[209,222],[215,223],[221,224],[222,224],[223,225]]]
[[[229,106],[228,108],[225,111],[221,114],[213,114],[208,112],[193,107],[181,104],[167,102],[157,102],[147,102],[138,101],[127,100],[120,101],[111,106],[106,108],[102,110],[97,112],[93,112],[89,112],[85,110],[83,110],[80,109],[77,107],[76,107],[76,108],[75,110],[75,113],[75,116],[76,118],[77,122],[77,134],[77,145],[80,157],[81,170],[82,178],[83,188],[83,197],[84,206],[84,218],[84,225],[85,230],[85,238],[85,243],[85,244],[85,246],[85,246],[87,247],[91,247],[95,247],[101,247],[107,247],[113,246],[122,246],[131,246],[140,247],[153,247],[162,247],[176,248],[186,249],[197,249],[209,249],[221,250],[228,250],[235,250],[241,250],[245,250]]]
[[[234,66],[234,66],[234,65],[229,63],[221,63],[209,63],[195,65],[178,66],[156,66],[133,66],[107,68],[83,70],[68,70],[65,71],[65,72],[65,73],[65,78],[66,89],[67,107],[67,128],[68,151],[69,178],[69,204],[69,228],[69,246],[68,258],[67,263],[67,264],[67,265],[67,266],[71,266],[84,268],[103,271],[134,271],[165,271],[191,269],[208,267],[217,266],[220,266],[221,266]]]
[[[219,263],[218,263],[212,260],[204,258],[189,256],[170,255],[150,254],[126,254],[103,254],[83,255],[75,255],[74,255],[74,254],[73,249],[72,243],[70,232],[67,219],[67,205],[65,188],[63,172],[63,158],[61,145],[59,133],[58,125],[58,117],[59,108],[61,100],[63,91],[64,84],[65,78],[66,72],[67,69],[67,66],[67,65],[67,64],[67,64],[68,64],[71,65],[79,66],[93,67],[111,68],[136,69],[165,67],[189,65],[203,62],[208,61]]]
[[[230,81],[230,80],[229,79],[225,77],[214,75],[197,73],[173,71],[141,71],[109,73],[87,76],[76,77],[75,78],[75,79],[75,79],[75,80],[75,84],[75,93],[75,108],[75,133],[75,166],[76,195],[76,223],[73,243],[71,258],[70,265],[70,267],[71,267],[74,267],[79,267],[89,268],[105,269],[125,270],[152,270],[178,270],[205,270],[221,269],[229,268]]]
[[[255,64],[251,63],[244,62],[234,62],[219,61],[200,61],[184,60],[165,59],[146,57],[127,57],[116,56],[110,55],[107,55],[106,54],[105,54],[103,53],[102,53],[101,53],[101,53],[97,54],[90,55],[78,57],[67,59],[59,61],[58,61],[58,62],[58,64],[58,67],[59,75],[63,90],[66,106],[67,126],[68,151],[68,175],[68,199],[66,220],[65,237],[63,251],[63,260],[64,265],[65,266],[66,266],[67,268],[70,269],[75,271],[86,271],[102,271],[123,271],[148,269],[173,266],[191,264],[206,263],[216,262],[222,261],[224,261],[225,261],[225,261],[227,261],[229,261],[231,262]]]
[[[235,64],[234,64],[222,63],[202,62],[186,62],[161,63],[130,63],[102,63],[72,63],[54,63],[50,64],[50,64],[50,65],[50,66],[51,66],[51,66],[51,67],[52,69],[52,72],[53,79],[55,93],[59,110],[64,133],[68,156],[71,177],[73,194],[76,209],[77,219],[77,229],[77,236],[76,244],[76,249],[76,252],[76,254],[75,255],[75,258],[75,259],[75,260],[75,261],[75,262],[75,262],[75,263],[77,264],[82,265],[88,266],[98,266],[114,267],[135,267],[161,266],[184,264],[206,262],[216,262],[218,262]]]
